1,10519
2,10807
3,10633
4,14056
5,7595
6,13284
7,11985
1,10077
2,8772
3,8383
4,8013
5,7753
6,12877
7,11753
1,15761
2,8485
3,10531
4,8332
5,8890
6,13275
7,12711
1,10021
2,10545
3,8349
4,8382
5,9316
6,11426
7,6079
1,15536
2,10656
3,8329
4,8318
5,9055
6,13264
7,6097
1,10816
2,8499
3,10213
4,9618
5,8972
6,10711
7,12799
1,11044
2,10840
3,10894
4,10045
5,9651
6,12008
7,13556
1,11346
2,11027
3,10278
4,8257
5,7628
6,11464
7,12377
1,11306
2,10701
3,8243
4,8016
5,9005
6,11726
7,6109
1,11071
2,8645
3,10593
4,10149
5,9731
6,12473
7,6067
1,10535
2,8820
3,10237
4,8190
5,8854
6,11855
7,11585
1,10473
2,11121
3,8357
4,9466
5,8265
6,10689
7,4815
1,10218
2,8699
3,10338
4,8306
5,13179
6,11498
7,6031
1,10556
2,11133
3,10437
4,8216
5,13701
6,11474
7,12593
1,10176
2,8702
3,8180
4,9747
5,13486
6,7886
7,6095
1,10365
2,10538
3,10429
4,9893
5,9588
6,6107
7,7906
1,10516
2,8565
3,8464
4,8241
5,8120
6,6066
7,12584
1,11102
2,8978
3,8660
4,8268
5,13371
6,12279
7,9825
1,10578
2,8609
3,14352
4,8033
5,7914
6,12336
7,12263
1,10430
2,8521
3,10760
4,8395
5,7945
6,10568
7,11311
1,10843
2,8854
3,8196
4,9751
5,9748
6,6002
7,4798
1,15826
2,10619
3,10355
4,9999
5,9066
6,6031
7,12785
1,10419
1,10807
2,8898
3,10196
4,8379
5,9202
6,13076
7,12107
1,11386
2,8588
3,10046
4,14639
5,8096
6,11174
7,12560
1,11183
2,8735
3,10688
4,10033
5,7608
6,13027
7,11272
1,10595
2,8635
3,10205
4,8351
5,9462
6,12095
7,12990
1,15367
2,8834
3,8392
4,10240
5,12860
6,11164
7,6114
1,10858
2,8429
3,10516
4,8316
5,7950
6,11649
7,13021
1,10319
2,8780
3,8442
4,9495
5,12917
6,6069
7,13616
1,10834
2,8593
3,14229
4,7365
5,7815
6,6063
7,12598
1,10826
2,8553
3,14471
4,9682
5,8044
6,12299
7,11992
1,15644
2,10578
3,10130
4,8227
5,8188
6,13521
7,14035
1,10094
2,10812
3,10032
4,8113
5,9253
6,10918
7,13069
1,16701
2,8587
3,10322
4,13075
5,7703
6,7914
7,11689
1,11341
2,11148
3,10429
4,14110
5,7961
6,12150
7,6097
1,10351
2,8739
3,10739
4,7906
5,13469
6,11227
7,10809
1,11366
2,8872
3,8410
4,7920
5,9979
6,12835
7,11246
1,10855
2,7768
3,14862
4,9709
5,9335
6,6288
7,6075
1,11070
2,10841
3,8371
4,8272
5,8195
6,12283
7,6054
1,10070
2,10762
3,10576
4,9952
5,8157
6,11776
7,6416
1,10652
2,8735
3,10022
4,8079
5,9797
6,6065
7,6079
1,15821
2,8675
3,8164
4,10061
5,13143
6,11785
7,12876
1,10576
2,8404
3,15084
4,8355
5,13504
6,6443
7,11283
1,10411
2,11247
3,13869
4,9965
5,13461
6,13460
7,12745
1,11332
2,8486
3,10103
4,8008
5,7772
6,12466
7,13296
1,10767
2,8723
3,10382
4,8483
5,8901
6,13332
7,7866
1,11395
2,8583
3,10329
4,9534
5,9015
6,11509
7,6013
1,10634
2,8620
3,10386
4,9632
5,7971
6,11999
7,7851
1,10184
2,8620
3,14850
4,13919
5,7751
6,12576
7,11329
1,10599
2,10619
3,8516
4,7338
5,13063
6,6043
7,11104
1,10230
2,8894
3,10278
4,9660
5,7043
6,13377
7,12532
1,11356
2,8457
3,8128
4,9907
5,7830
6,12781
7,12664
1,11244
2,8658
3,14125
4,14042
5,8079
6,13039
7,6079
1,10123
2,8896
3,10395
4,9560
5,9465
6,11874
7,11971
1,10078
2,11063
3,10513
4,10209
5,9250
6,6081
7,12858
1,10536
2,8774
3,10076
4,8034
5,9605
6,13160
7,5988
1,10016
2,10843
3,8434
4,9910
5,9519
6,7910
7,11188
1,10488
2,15620
3,8842
4,9893
5,8876
6,12503
7,13047
1,10774
2,8691
3,10707
4,8341
5,7910
6,13197
7,12876
1,10433
2,15742
3,8257
4,9769
5,8002
6,6057
7,12005
1,10486
2,10595
3,10428
4,9931
5,9606
6,12191
7,7865
1,11198
2,14934
3,10493
4,9858
5,8219
6,12625
7,9845
1,11371
2,8439
3,10323
4,8255
5,7807
6,6030
7,7833
1,10034
2,11155
3,14236
4,9818
5,12864
6,6044
7,6080
1,10511
2,9080
3,14511
4,7980
5,7877
6,12233
7,11357
1,10542
2,11138
3,14747
4,10195
5,13175
6,12782
7,13336
1,11038
2,8581
3,10347
4,10119
5,9617
6,12187
7,12901
1,11125
2,11162
3,8455
4,9535
5,8025
6,12849
7,13270
1,10668
2,8811
3,8667
4,13929
5,9515
6,6091
7,6043
1,10686
2,7815
3,10345
4,9531
5,9967
6,6036
7,11519
1,10125
2,8754
3,11066
4,8384
5,9303
6,6437
7,12355
1,10680
2,8558
3,10188
4,8179
5,8116
6,13417
7,11653
1,10604
2,15782
3,8398
4,14051
5,9319
6,6022
7,12087
1,10357
2,15057
3,10227
4,8087
5,8953
6,12976
7,9811
1,15903
2,8638
3,10138
4,13996
5,12767
6,7898
7,6090
1,10126
2,15224
3,8439
4,8140
5,7801
6,12188
7,11813
1,10599
2,8760
3,8360
4,8006
5,9656
6,12775
7,12592
1,10392
2,10773
3,14004
4,7407
5,9681
6,11329
7,6028
1,10705
2,7715
3,10445
4,14117
5,13890
6,11367
7,6355
1,10598
2,10712
3,8237
4,10349
5,8018
6,11566
7,12739
1,10386
2,10574
3,8497
4,9556
5,8268
6,6045
7,12098
1,11115
2,8669
3,10242
4,8226
5,7802
6,6387
7,13114
1,10178
2,8826
3,10692
4,7926
5,7900
6,7913
7,12904
1,10670
2,8880
3,8476
4,9532
5,8058
6,7849
7,6308
1,10612
2,10458
3,10595
4,8202
5,7931
6,6006
7,13471
1,10360
2,8640
3,8091
4,9583
5,7627
6,12299
7,6158
1,10378
2,8548
3,10277
4,13220
5,9250
6,11997
7,13185
1,10524
2,10678
3,8847
4,10018
5,8971
6,12401
7,12146
1,10335
2,8869
3,10674
4,9651
5,8171
6,11238
7,12956
1,11190
2,9015
3,8429
4,7212
5,7884
6,6089
7,6051
1,11104
2,7821
3,10665
4,10227
5,7708
6,6085
7,7841
1,11231
2,10948
3,14053
4,8195
5,7781
6,12732
7,6049
